Year,GMST_CRUTEM5,GMST_CRUTEM5_p2.5,GMST_CRUTEM5_p97.5,GMST_HadSST4,GMST_HadSST4_p2.5,GMST_HadSST4_p97.5,GMST_HadSST4_unadj,GMST_ClassNMAT,GMST_CoastalHybridSST,GMST_ERSST5,GMST_COBE_SST2,GMST_BESTLand
1850,-0.267,-0.358,-0.151,-0.316,-0.429,-0.23,-0.484,NA,-0.136,NA,-0.277,-0.379
1851,-0.181,-0.284,-0.069,-0.188,-0.304,-0.083,-0.356,NA,-0.079,NA,-0.147,-0.292
1852,-0.196,-0.303,-0.071,-0.146,-0.248,-0.043,-0.314,NA,-0.138,NA,-0.152,-0.317
1853,-0.247,-0.389,-0.099,-0.213,-0.315,-0.142,-0.393,NA,-0.308,NA,-0.202,-0.321
1854,-0.219,-0.352,-0.088,-0.288,-0.386,-0.203,-0.468,NA,-0.442,-0.122,-0.224,-0.296
1855,-0.268,-0.42,-0.15,-0.227,-0.332,-0.124,-0.411,NA,-0.347,-0.113,-0.27,-0.333
1856,-0.212,-0.355,-0.098,-0.317,-0.407,-0.237,-0.502,NA,-0.38,-0.204,-0.269,-0.317
1857,-0.338,-0.484,-0.215,-0.48,-0.564,-0.405,-0.668,NA,-0.48,-0.333,-0.461,-0.477
1858,-0.288,-0.438,-0.16,-0.412,-0.508,-0.33,-0.6,NA,-0.595,-0.232,-0.324,-0.361
1859,-0.314,-0.456,-0.176,-0.245,-0.334,-0.157,-0.438,NA,-0.651,-0.137,-0.264,-0.352
1860,-0.376,-0.516,-0.241,-0.27,-0.359,-0.203,-0.463,NA,-0.477,-0.172,-0.265,-0.434
1861,-0.308,-0.431,-0.202,-0.402,-0.494,-0.327,-0.595,NA,-0.491,-0.317,-0.358,-0.38
1862,-0.349,-0.468,-0.218,-0.441,-0.536,-0.372,-0.641,NA,-0.69,-0.325,-0.356,-0.494
1863,-0.323,-0.435,-0.19,-0.371,-0.447,-0.299,-0.57,NA,-0.758,-0.264,-0.39,-0.401
1864,-0.41,-0.56,-0.271,-0.403,-0.485,-0.331,-0.607,NA,-0.566,-0.281,-0.379,-0.462
1865,-0.219,-0.373,-0.054,-0.197,-0.266,-0.123,-0.399,NA,-0.22,-0.057,-0.189,-0.282
1866,-0.385,-0.551,-0.221,-0.177,-0.262,-0.101,-0.387,NA,-0.262,-0.044,-0.178,-0.316
1867,-0.333,-0.52,-0.166,-0.192,-0.28,-0.127,-0.403,NA,-0.349,-0.072,-0.181,-0.271
1868,-0.305,-0.466,-0.13,-0.181,-0.253,-0.111,-0.386,NA,-0.404,-0.112,-0.242,-0.288
1869,-0.215,-0.375,-0.051,-0.276,-0.352,-0.196,-0.485,NA,-0.465,-0.13,-0.268,-0.224
1870,-0.332,-0.478,-0.191,-0.312,-0.375,-0.239,-0.524,NA,-0.51,-0.173,-0.284,-0.361
1871,-0.408,-0.549,-0.253,-0.32,-0.384,-0.239,-0.521,NA,-0.444,-0.185,-0.287,-0.449
1872,-0.304,-0.443,-0.152,-0.243,-0.298,-0.165,-0.456,NA,-0.357,-0.151,-0.251,-0.362
1873,-0.218,-0.356,-0.079,-0.339,-0.419,-0.264,-0.554,NA,-0.404,-0.222,-0.337,-0.354
1874,-0.295,-0.444,-0.15,-0.461,-0.526,-0.385,-0.676,NA,-0.533,-0.312,-0.409,-0.37
1875,-0.335,-0.477,-0.166,-0.275,-0.348,-0.176,-0.495,NA,-0.409,-0.157,-0.282,-0.424
1876,-0.296,-0.443,-0.141,-0.405,-0.469,-0.337,-0.625,NA,-0.57,-0.298,-0.358,-0.331
1877,-0.143,-0.291,0.002,0.009,-0.047,0.092,-0.21,NA,-0.212,0.101,-0.013,-0.162
1878,-0.009,-0.169,0.146,0.04,-0.02,0.112,-0.178,NA,-0.105,0.158,0.057,0.001
1879,-0.362,-0.52,-0.214,-0.297,-0.352,-0.219,-0.523,NA,-0.329,-0.136,-0.235,-0.393
1880,-0.308,-0.474,-0.163,-0.302,-0.361,-0.23,-0.535,-0.105,-0.322,-0.172,-0.275,-0.409
1881,-0.166,-0.341,-0.025,-0.204,-0.272,-0.135,-0.443,0.028,-0.171,-0.113,-0.156,-0.296
1882,-0.36,-0.525,-0.208,-0.28,-0.344,-0.203,-0.52,-0.135,-0.244,-0.168,-0.284,-0.454
1883,-0.381,-0.539,-0.226,-0.318,-0.385,-0.247,-0.567,-0.094,-0.356,-0.219,-0.293,-0.472
1884,-0.529,-0.692,-0.372,-0.417,-0.481,-0.344,-0.665,-0.1,-0.494,-0.332,-0.359,-0.608
1885,-0.432,-0.598,-0.282,-0.354,-0.425,-0.274,-0.609,-0.022,-0.362,-0.284,-0.281,-0.514
1886,-0.371,-0.521,-0.204,-0.378,-0.448,-0.308,-0.635,-0.006,-0.329,-0.265,-0.282,-0.47
1887,-0.531,-0.692,-0.364,-0.473,-0.544,-0.395,-0.737,-0.255,-0.478,-0.429,-0.441,-0.565
1888,-0.348,-0.501,-0.169,-0.38,-0.458,-0.304,-0.638,-0.249,-0.325,-0.282,-0.341,-0.381
1889,-0.216,-0.373,-0.05,-0.253,-0.321,-0.172,-0.514,-0.172,-0.208,-0.189,-0.255,-0.259
1890,-0.437,-0.596,-0.266,-0.514,-0.587,-0.445,-0.776,-0.391,-0.46,-0.491,-0.504,-0.503
1891,-0.36,-0.522,-0.194,-0.387,-0.467,-0.314,-0.649,-0.214,-0.262,-0.331,-0.359,-0.426
1892,-0.412,-0.575,-0.253,-0.536,-0.611,-0.455,-0.799,-0.332,-0.447,-0.479,-0.483,-0.424
1893,-0.485,-0.643,-0.323,-0.516,-0.602,-0.438,-0.78,-0.371,-0.469,-0.491,-0.525,-0.476
1894,-0.467,-0.622,-0.309,-0.551,-0.632,-0.461,-0.813,-0.319,-0.483,-0.506,-0.53,-0.407
1895,-0.409,-0.571,-0.227,-0.46,-0.548,-0.375,-0.723,-0.244,-0.403,-0.403,-0.405,-0.336
1896,-0.293,-0.443,-0.094,-0.25,-0.335,-0.156,-0.519,-0.169,-0.226,-0.178,-0.193,-0.266
1897,-0.242,-0.411,-0.053,-0.292,-0.381,-0.212,-0.564,-0.226,-0.226,-0.217,-0.21,-0.23
1898,-0.366,-0.536,-0.171,-0.516,-0.609,-0.429,-0.786,-0.395,-0.376,-0.404,-0.403,-0.354
1899,-0.271,-0.437,-0.074,-0.378,-0.47,-0.281,-0.65,-0.312,-0.236,-0.316,-0.33,-0.235
1900,-0.143,-0.3,0.047,-0.28,-0.366,-0.185,-0.549,-0.222,-0.115,-0.216,-0.237,-0.133
1901,-0.184,-0.326,0,-0.426,-0.513,-0.344,-0.692,-0.246,-0.141,-0.372,-0.361,-0.171
1902,-0.262,-0.405,-0.079,-0.515,-0.613,-0.418,-0.788,-0.398,-0.162,-0.466,-0.442,-0.28
1903,-0.351,-0.486,-0.184,-0.648,-0.75,-0.56,-0.913,-0.582,-0.305,-0.613,-0.561,-0.352
1904,-0.406,-0.556,-0.226,-0.704,-0.804,-0.616,-0.97,-0.631,-0.322,-0.682,-0.603,-0.429
1905,-0.249,-0.392,-0.077,-0.527,-0.623,-0.437,-0.795,-0.594,-0.19,-0.496,-0.449,-0.298
1906,-0.188,-0.343,-0.003,-0.467,-0.564,-0.378,-0.732,-0.475,-0.15,-0.443,-0.377,-0.226
1907,-0.403,-0.541,-0.22,-0.636,-0.714,-0.532,-0.915,-0.626,-0.304,-0.615,-0.545,-0.451
1908,-0.351,-0.486,-0.174,-0.697,-0.764,-0.597,-0.995,-0.669,-0.339,-0.693,-0.63,-0.383
1909,-0.293,-0.43,-0.125,-0.746,-0.803,-0.649,-1.075,-0.673,-0.402,-0.738,-0.633,-0.365
1910,-0.327,-0.459,-0.151,-0.743,-0.81,-0.651,-1.091,-0.645,-0.36,-0.733,-0.658,-0.364
1911,-0.302,-0.434,-0.124,-0.751,-0.818,-0.669,-1.11,-0.666,-0.386,-0.728,-0.652,-0.357
1912,-0.287,-0.43,-0.114,-0.573,-0.647,-0.476,-0.932,-0.511,-0.224,-0.545,-0.474,-0.347
1913,-0.275,-0.414,-0.116,-0.637,-0.704,-0.556,-1.007,-0.532,-0.291,-0.59,-0.529,-0.311
1914,-0.108,-0.236,0.057,-0.407,-0.486,-0.308,-0.78,-0.159,-0.083,-0.367,-0.302,-0.138
1915,-0.033,-0.166,0.155,-0.291,-0.379,-0.19,-0.67,-0.087,-0.009,-0.282,-0.19,-0.099
1916,-0.263,-0.397,-0.081,-0.531,-0.613,-0.439,-0.915,-0.397,-0.249,-0.503,-0.431,-0.336
1917,-0.445,-0.578,-0.278,-0.649,-0.735,-0.566,-1.03,-0.362,-0.425,-0.593,-0.478,-0.514
1918,-0.363,-0.493,-0.206,-0.492,-0.567,-0.398,-0.871,-0.227,-0.251,-0.454,-0.325,-0.417
1919,-0.196,-0.329,-0.041,-0.438,-0.508,-0.339,-0.82,-0.14,-0.181,-0.422,-0.3,-0.23
1920,-0.218,-0.355,-0.076,-0.419,-0.488,-0.306,-0.801,-0.246,-0.161,-0.406,-0.309,-0.29
1921,-0.179,-0.306,-0.016,-0.403,-0.472,-0.298,-0.783,-0.267,-0.172,-0.388,-0.302,-0.215
1922,-0.236,-0.362,-0.063,-0.513,-0.586,-0.41,-0.892,-0.348,-0.229,-0.487,-0.374,-0.265
1923,-0.228,-0.371,-0.067,-0.472,-0.558,-0.36,-0.85,-0.322,-0.17,-0.488,-0.349,-0.245
1924,-0.189,-0.327,-0.039,-0.475,-0.561,-0.363,-0.857,-0.346,-0.144,-0.481,-0.339,-0.219
1925,-0.193,-0.32,-0.042,-0.391,-0.471,-0.29,-0.778,-0.282,-0.062,-0.417,-0.259,-0.203
1926,-0.056,-0.199,0.107,-0.216,-0.303,-0.102,-0.598,-0.142,0.053,-0.24,-0.089,-0.055
1927,-0.171,-0.308,-0.005,-0.343,-0.424,-0.24,-0.72,-0.236,-0.063,-0.339,-0.213,-0.189
1928,-0.127,-0.27,0.042,-0.341,-0.414,-0.234,-0.722,-0.242,-0.07,-0.399,-0.257,-0.131
1929,-0.274,-0.416,-0.101,-0.441,-0.524,-0.335,-0.825,-0.327,-0.168,-0.477,-0.314,-0.306
1930,-0.116,-0.196,-0.015,-0.251,-0.328,-0.125,-0.624,-0.208,-0.006,-0.292,-0.134,-0.161
1931,-0.068,-0.151,0.016,-0.184,-0.276,-0.066,-0.567,-0.176,-0.02,-0.232,-0.065,-0.134
1932,-0.114,-0.186,-0.033,-0.234,-0.313,-0.128,-0.617,-0.272,-0.064,-0.312,-0.144,-0.173
1933,-0.246,-0.317,-0.163,-0.379,-0.455,-0.275,-0.739,-0.285,-0.124,-0.394,-0.218,-0.334
1934,-0.104,-0.178,-0.017,-0.281,-0.354,-0.176,-0.629,-0.188,0.044,-0.312,-0.151,-0.213
1935,-0.15,-0.216,-0.07,-0.269,-0.346,-0.155,-0.613,-0.199,0.038,-0.316,-0.154,-0.243
1936,-0.107,-0.172,-0.033,-0.193,-0.264,-0.092,-0.539,-0.141,0.131,-0.242,-0.06,-0.186
1937,-0.014,-0.079,0.06,-0.085,-0.162,0.03,-0.427,-0.037,0.217,-0.16,0.05,-0.084
1938,0.04,-0.019,0.111,-0.13,-0.209,-0.027,-0.457,-0.086,0.122,-0.224,-0.025,-0.057
1939,-0.041,-0.1,0.033,-0.101,-0.189,0.004,-0.375,-0.096,0.131,-0.162,-0.081,-0.143
1940,0.058,-0.009,0.125,0.031,-0.071,0.133,-0.204,-0.08,0.255,0.07,0.02,-0.031
1941,0.07,0.009,0.128,0.092,-0.109,0.251,0.096,0.127,0.16,0.291,0.175,-0.032
1942,-0.02,-0.072,0.036,0.035,-0.163,0.202,0.033,0.055,0.032,0.05,0.082,-0.086
1943,-0.06,-0.108,-0.01,0.008,-0.195,0.176,-0.001,0.207,-0.047,-0.019,0.007,-0.132
1944,0.033,-0.014,0.076,0.144,-0.075,0.316,0.139,0.067,0.074,0.168,0.156,-0.057
1945,-0.04,-0.082,-0.005,0.117,-0.081,0.278,0.107,0.011,0.025,0.135,0.108,-0.132
1946,-0.067,-0.109,-0.027,-0.086,-0.262,0.044,-0.148,-0.127,-0.046,-0.096,-0.049,-0.135
1947,0.031,-0.006,0.074,-0.198,-0.349,-0.074,-0.287,-0.163,0.025,-0.208,-0.097,-0.026
1948,-0.057,-0.091,-0.017,-0.143,-0.293,-0.022,-0.243,-0.219,0.022,-0.216,-0.019,-0.098
1949,-0.127,-0.166,-0.091,-0.137,-0.257,-0.03,-0.201,-0.236,-0.003,-0.188,0.003,-0.171
1950,-0.222,-0.26,-0.191,-0.216,-0.314,-0.124,-0.281,-0.287,-0.136,-0.255,-0.088,-0.267
1951,-0.072,-0.099,-0.045,-0.056,-0.129,0.021,-0.113,-0.182,-0.035,-0.124,0.017,-0.121
1952,-0.046,-0.072,-0.017,0.048,-0.028,0.141,0.003,-0.023,0.083,-0.04,0.106,-0.089
1953,0.063,0.034,0.093,0.065,-0.008,0.156,0.027,-0.039,0.048,-0.004,0.101,0.004
1954,-0.128,-0.156,-0.093,-0.129,-0.213,-0.045,-0.152,-0.218,-0.113,-0.197,-0.088,-0.168
1955,-0.173,-0.203,-0.144,-0.238,-0.332,-0.166,-0.237,-0.252,-0.214,-0.274,-0.16,-0.237
1956,-0.284,-0.316,-0.253,-0.255,-0.337,-0.179,-0.211,-0.286,-0.263,-0.23,-0.169,-0.349
1957,-0.018,-0.047,0.009,-0.02,-0.098,0.042,0.046,-0.035,-0.018,0.009,0.077,-0.078
1958,0.017,-0.012,0.042,0.035,-0.028,0.109,0.117,0.048,0.053,0.081,0.137,-0.015
1959,-0.009,-0.036,0.022,-0.022,-0.085,0.043,0.065,-0.02,0.001,0.012,0.036,-0.027
1960,-0.062,-0.091,-0.038,-0.081,-0.143,-0.015,0.015,-0.079,-0.055,-0.01,-0.019,-0.109
1961,-0.013,-0.038,0.011,-0.012,-0.059,0.046,0.067,0.001,0.023,0.032,0.025,-0.026
1962,-0.065,-0.092,-0.043,-0.084,-0.13,-0.033,0.008,-0.058,-0.048,-0.009,-0.005,-0.085
1963,-0.032,-0.055,-0.011,-0.04,-0.085,0.014,0.027,0.021,-0.043,0.003,0.076,-0.056
1964,-0.274,-0.296,-0.252,-0.278,-0.323,-0.219,-0.208,-0.24,-0.259,-0.244,-0.143,-0.292
1965,-0.192,-0.215,-0.167,-0.265,-0.314,-0.205,-0.2,-0.209,-0.206,-0.232,-0.132,-0.232
1966,-0.124,-0.148,-0.098,-0.176,-0.224,-0.115,-0.108,-0.117,-0.141,-0.155,-0.044,-0.141
1967,-0.097,-0.121,-0.076,-0.155,-0.196,-0.101,-0.058,-0.123,-0.096,-0.134,-0.041,-0.127
1968,-0.168,-0.189,-0.151,-0.202,-0.24,-0.159,-0.088,-0.172,-0.145,-0.167,-0.06,-0.205
1969,-0.027,-0.047,-0.01,0.027,-0.01,0.069,0.143,-0.022,0.025,0.052,0.135,-0.02
1970,-0.049,-0.068,-0.034,-0.098,-0.125,-0.059,0.015,-0.062,-0.078,-0.052,-0.007,-0.049
1971,-0.184,-0.2,-0.166,-0.289,-0.318,-0.249,-0.202,-0.215,-0.283,-0.264,-0.193,-0.218
1972,-0.094,-0.112,-0.076,-0.068,-0.1,-0.037,-0.008,-0.029,-0.087,-0.063,0.002,-0.125
1973,0.065,0.05,0.085,0.052,0.018,0.092,0.09,0.042,0.052,0.049,0.054,0.086
1974,-0.177,-0.192,-0.158,-0.169,-0.206,-0.136,-0.155,-0.201,-0.188,-0.162,-0.17,-0.185
1975,-0.121,-0.138,-0.099,-0.18,-0.216,-0.144,-0.185,-0.137,-0.181,-0.205,-0.237,-0.112
1976,-0.229,-0.248,-0.211,-0.172,-0.211,-0.137,-0.197,-0.186,-0.149,-0.182,-0.23,-0.229
1977,0.093,0.075,0.11,0.128,0.094,0.164,0.081,0.085,0.17,0.057,0.003,0.102
1978,0.014,-0.004,0.032,0.005,-0.032,0.04,-0.048,0.014,0.071,-0.026,-0.054,0.016
1979,0.049,0.029,0.065,0.158,0.127,0.19,0.083,0.132,0.168,0.097,0.073,0.043
1980,0.185,0.166,0.205,0.205,0.167,0.235,0.133,0.155,0.216,0.142,0.1,0.167
1981,0.215,0.198,0.237,0.166,0.129,0.201,0.108,0.151,0.173,0.107,0.04,0.211
1982,0.021,0.002,0.04,0.094,0.062,0.125,0.056,0,0.064,0.071,0.003,0.001
1983,0.217,0.196,0.241,0.27,0.235,0.3,0.227,0.175,0.229,0.233,0.158,0.235
1984,0.036,0.018,0.059,0.108,0.075,0.137,0.064,0.012,0.104,0.081,0.011,0.035
1985,0.012,-0.011,0.032,0.07,0.034,0.097,0.009,-0.063,0.068,-0.011,-0.047,0.026
1986,0.089,0.07,0.113,0.118,0.082,0.147,0.045,0.07,0.129,0.061,0.041,0.111
1987,0.262,0.239,0.284,0.31,0.279,0.342,0.232,0.273,0.306,0.249,0.216,0.291
1988,0.279,0.258,0.304,0.293,0.256,0.318,0.2,0.246,0.29,0.25,0.163,0.3
1989,0.14,0.118,0.17,0.212,0.178,0.247,0.11,0.157,0.176,0.155,0.084,0.16
1990,0.342,0.319,0.368,0.364,0.338,0.398,0.252,0.31,0.35,0.272,0.23,0.365
1991,0.332,0.305,0.354,0.319,0.281,0.351,0.195,0.245,0.309,0.221,0.187,0.335
1992,0.092,0.067,0.115,0.217,0.174,0.251,0.087,0.081,0.206,0.121,0.089,0.118
1993,0.139,0.109,0.168,0.219,0.183,0.252,0.089,0.113,0.23,0.115,0.1,0.163
1994,0.219,0.194,0.247,0.29,0.254,0.325,0.162,0.179,0.302,0.184,0.161,0.257
1995,0.39,0.361,0.417,0.383,0.349,0.414,0.259,0.222,0.351,0.262,0.246,0.434
1996,0.236,0.211,0.263,0.266,0.233,0.296,0.141,0.108,0.234,0.161,0.197,0.258
1997,0.387,0.359,0.416,0.48,0.449,0.509,0.363,0.275,0.44,0.322,0.395,0.41
1998,0.585,0.554,0.62,0.643,0.607,0.672,0.541,0.46,0.596,0.481,0.531,0.651
1999,0.323,0.292,0.355,0.345,0.309,0.375,0.244,0.207,0.278,0.231,0.271,0.363
2000,0.317,0.285,0.348,0.35,0.318,0.376,0.248,0.227,0.275,0.244,0.279,0.345
2001,0.457,0.421,0.484,0.503,0.472,0.533,0.407,0.323,0.444,0.382,0.41,0.484
2002,0.559,0.527,0.597,0.548,0.511,0.575,0.449,0.382,0.524,0.435,0.456,0.601
2003,0.547,0.516,0.579,0.558,0.521,0.586,0.462,0.415,0.534,0.475,0.478,0.597
2004,0.472,0.439,0.498,0.528,0.49,0.555,0.427,0.361,0.521,0.456,0.45,0.486
2005,0.608,0.576,0.64,0.589,0.555,0.618,0.483,0.41,0.577,0.492,0.514,0.654
2006,0.564,0.53,0.597,0.529,0.501,0.556,0.416,0.355,0.505,0.455,0.467,0.601
2007,0.609,0.572,0.64,0.521,0.494,0.552,0.406,0.335,0.516,0.433,0.438,0.644
2008,0.447,0.407,0.476,0.451,0.421,0.481,0.339,0.276,0.432,0.365,0.393,0.489
2009,0.58,0.544,0.608,0.619,0.587,0.646,0.498,0.357,0.612,0.526,0.554,0.611
2010,0.668,0.633,0.698,0.652,0.619,0.678,0.522,0.365,0.619,0.565,0.588,0.726
2011,0.522,0.489,0.556,0.496,0.47,0.527,0.369,0.247,0.521,0.419,0.433,0.557
2012,0.563,0.529,0.592,0.564,0.536,0.595,0.435,0.282,0.619,0.485,0.495,0.599
2013,0.589,0.552,0.622,0.585,0.556,0.618,0.452,0.3,0.613,0.5,0.544,0.624
2014,0.652,0.616,0.687,0.723,0.692,0.755,0.576,0.425,0.707,0.633,0.649,0.68
2015,0.794,0.758,0.831,0.887,0.858,0.92,0.733,0.575,0.858,0.792,0.785,0.839
2016,0.952,0.919,0.99,0.97,0.942,1,0.805,0.636,0.988,0.886,0.852,1.01
2017,0.839,0.801,0.871,0.875,0.846,0.91,0.703,0.463,NA,0.783,0.742,0.877
2018,0.758,0.721,0.79,0.827,0.8,0.857,0.644,0.454,NA,0.725,0.671,0.79
2019,0.876,0.839,0.914,0.904,0.87,0.938,0.717,0.584,NA,0.813,0.775,0.939
2020,0.93,0.892,0.964,0.961,0.928,0.995,0.776,NA,NA,0.839,NA,1.008
